14
0	0	0	0	0	0	0	0	0	0	0	0	0	0	0	0	0	0	0	0	0	32	0	0	0	0	0	0	0	
0	0	0	0	0	0	0	0	0	0	0	0	0	0	0	0	0	0	0	0	0	9	0	0	0	0	0	0	0	
0	0	0	0	0	0	0	0	0	0	0	0	0	0	0	0	0	0	0	0	9	9	0	0	0	0	0	0	0	
0	0	0	0	0	0	0	0	0	0	0	0	0	0	0	0	0	258	0	9	9	9	0	0	0	0	0	0	0	
0	0	0	0	0	0	0	0	0	0	0	0	0	0	0	0	0	0	9	9	9	9	0	0	0	0	0	0	0	
0	0	22	0	0	0	0	0	0	0	0	0	0	0	0	0	0	9	9	9	9	9	0	32	0	0	0	0	0	
0	0	0	0	258	0	258	0	0	0	0	0	0	0	0	0	9	9	9	9	9	9	0	9	0	0	0	0	0	
0	0	0	0	0	0	0	0	0	0	0	0	0	0	32	9	9	9	9	9	9	9	0	0	0	0	32	0	0	
133	133	133	133	133	133	133	133	133	133	133	133	0	0	9	9	9	9	9	9	9	9	0	0	0	0	133	133	133	
